00000000: 01000001 01000001 00100000 00110000 00110001 00100000  AA 01 
00000006: 00110010 01000011 00100000 00110001 00110011 00100000  2C 13 
0000000c: 00111000 00111000 00100000 00110001 00110010 00100000  88 12 
00000012: 01000001 01000010 00100000 00110000 00110001 00001010  AB 01.
00000018: 00110010 01000011 00100000 00110000 00110000 00100000  2C 00 
0000001e: 00110000 00110100 00100000 00110000 00110000 00100000  04 00 
00000024: 00110000 00110000 00100000 00110000 00110000 00100000  00 00 
0000002a: 00110100 00110010 00100000 00110000 00110000 00001010  42 00.
00000030: 00110000 00110000 00100000 00110000 00110000 00100000  00 00 
00000036: 00110000 00110000 00100000 01000001 00110010 00001010  00 A2.
