AA 01 23 00
AA 01 20 01 00 00 00 00 00 00 00 00 00 00 00 00
00 00 00 CC AA 01 23 00 00 00 00 00 00 00 00 00
00 00 00 00 00 00 00 CE AA 01 29 00 00 00 00 00
00 00 00 00 00 00 00 00 00 00 00 D4 AA 01 2B 00
00 00 00 00 00 00 00 00 00 00 00 00 00 00 00 D6
AA 01 23 0C 3B 00 00 00
01 20 01 00 00 00 00 00 00 00 00 00 00 00 00 00 00 00 00 00 00 00 00 CC AA
01 29 00 00 00 00 00 00 00 00 D4 AA
01 2B 00 00 00 00 00 00 00 00 D6 00 00 00 00 00 00 00 00 00 00 00 00 00 00 00 00 AA
01 23 00 00 00 00 00 00 00 00 CE AA
01 29 00 00 00 00 00 00 00 00 D4 00 00 00 00 00 00 00 00 00 00 00 00 00 00 00 00 AA
01 23 00 00 00 00 00 00 00 00 CE AA
01 29 00 00 00 00 00 00 00 00 D4 00 00 00 00 00 00 00 00 00 00 00 00 00 00 00 00 AA
01 20 00 00 00 00 00 00 00 00 CB AA
01 23 00 00 00 00 00 00 00 00 CE 00 00 00 00 00 00 00 00 00 00 00 00 00 00 00 00 AA
