aa 01 12 80 00 00 00 00
00 00 00 00 00 00 00
00 00 00 00 3d aa 01 23
01 01 00 00 00 00 00 00
00 00 00 00 00 00 00 00
d0 aa 01 29 0c 3e 03 e7
00 01 00 00 00 09 00 00
00 00 00 00 12 aa 01 2b
14 50 14 50 03 e8 00 02
00 00 a0 42 02 4a 00 00
b9 aa 01 23 01 01 00 00
00 00 00 00 00 00 00 00
00 00 00 00 d0 aa 01 29
0c 3f 03 e7 00 01 00 00
00 09 00 00 00 00 00 00
13 aa 01 23 01 01 00 00
00 00 00 00 00 00 00 00
00 00 00 00 d0 aa 01 29
0c 3f 03 e7 00 01 00 00
00 09 00 00 00 00 00 00
13 aa 01 23 01 01 00 00
00 00 00 00 00 00 00 00
00 00 00 00 d0 aa 01 29
0c 3f 03 e7 00 01 00 00
00 09 00 00 00 00 00 00
13 aa 01 23 01 01 00 00
00 00 00 00 00 00 00 00
00 00 00 00 d0 aa 01 29
0c 3f 03 e7 00 01 00 00
00 09 00 00 00 00 00 00
13 aa 01 12 80 00 00 00
00 00 00 00 00 00 00 00
00 00 00 00 3d aa 01 23
01 01 00 00 00 00 00 00
00 00 00 00 00 00 00 00
d0 aa 01 29 0c 3f 03 e7
00 01 00 00 00 09 00 00
00 00 00 00 13 aa 01 23
01 01 00 00 00 00 00 00
00 00 00 00 00 00 00 00
d0 aa 01 29 0c 3f 03 e7
00 01 00 00 00 09 00 00
00 00 00 00 13 aa 01 23
01 01 00 00 00 00 00 00
00 00 00 00 00 00 00 00
d0 aa 01 29 0c 3f 03 e7
00 01 00 00 00 09 00 00
00 00 00 00 13 aa 01 23
01 01 00 00 00 00 00 00
00 00 00 00 00 00 00 00
d0 aa 01 29 0c 3f 03 e7
00 01 00 00 00 09 00 00
00 00 00 00 13 aa 01 12
80 00 00 00 00 00 00 00
00 00 00 00 00 00 00 00
3d aa 01 23 01 00 00 00
00 00 00 00 00 00 00 00
00 00 00 00 cf aa 01 29
0c 3e 03 84 00 00 00 00
00 00 00 00 00 00 00 00
a5 aa 01 23 01 00 00 00
00 00 00 00 00 00 00 00
00 00 00 00 cf aa 01 29
0c 3e 03 84 00 00 00 00
00 00 00 00 00 00 00 00
a5 aa 01 23 01 00 00 00
00 00 00 00 00 00 00 00
00 00 00 00 cf aa 01 29
0c 3e 03 84 00 00 00 00
00 00 00 00 00 00 00 00
a5 aa 01 23 01 00 00 00
00 00 00 00 00 00 00 00
00 00 00 00 cf
aa 01 29 0c 3e 03 84 00
00 00 00 00 00 00 00 00
00 00 00 a5
aa 01 12 80 00 00 00 00
00 00 00 00 00 00 00 00
00 00 00 3d
aa 01 23 01 00 00 00 00
00 00 00 00 00 00 00 00
00 00 00 cf
aa 01 29 0c 3e 03 20
00 00 00 00 00 00 00 00
00 00 00 00 41 aa 01 23
01 00 00 00 00 00 00 00
00 00 00 00 00 00 00 00
cf aa 01 29 0c 3e 03 20
00 00 00 00 00 00 00 00
00 00 00 00 41 aa 01 23
01 00 00 00 00 00 00 00
00 00 00 00 00 00 00 00
cf aa 01 29 0c 3e 03 20
00 00 00 00 00 00 00 00
00 00 00 00 41 aa 01 23
01 00 00 00 00 00 00 00
00 00 00 00 00 00 00 00
cf aa 01 29 0c 3e 03 20
00 00 00 00 00 00 00 00
00 00 00 00 41 aa 01 23
01 00 00 00 00 00 00 00
00 00 00 00 00 00 00 00
cf aa 01 29 0c 3e 03 20
00 00 00 00 00 00 00 00
00 00 00 00 41 aa 01 23
01 00 00 00 00 00 00 00
00 00 00 00 00 00 00 00
cf aa 01 29 0c 3e 03 20
00 00 00 00 00 00 00 00
00 00 00 00 41 aa 01 23
01 00 00 00 00 00 00 00
00 00 00 00 00 00 00 00
cf aa 01 29 0c 3e 03 20
00 00 00 00 00 00 00 00
00 00 00 00 41 aa 01 23
01 00 00 00 00 00 00 00
00 00 00 00 00 00 00 00
cf aa 01 29 0c 3e 03 20
00 00 00 00 00 00 00 00
00 00 00 00 41 aa 01 23
01 00 00 00 00 00 00 00
00 00 00 00 00 00 00 00
cf aa 01 29 0c 3e 03 20
00 00 00 00 00 00 00 00
00 00 00 00 41 aa 01 12
80 00 00 00 00 00 00 00
00 00 00 00 00 00 00 00
3d aa 01 23 01 00 00 00
00 00 00 00 00 00 00 00
00 00 00 00 cf aa 01 29
0c 3d 02 bc 00 00 00 00
00 00 00 00 00 00 00 00
db aa 01 23 01 00 00 00
00 00 00 00 00 00 00 00
00 00 00 00 cf aa 01 29
0c 3d 02 bc 00 00 00 00
00 00 00 00 00 00 00 00
db aa 01 23 01 00 00 00
00 00 00 00 00 00 00 00
00 00 00 00 cf aa 01 29
0c 3d 02 bc 00 00 00 00
00 00 00 00 00 00 00 00
db aa 01 23 01 00 00 00
00 00 00 00 00 00 00 00
00 00 00 00 cf aa 01 29
0c 3d 02 bc 00 00 00 00
00 00 00 00 00 00 00 00
db aa 01 12 80 00 00 00
00 00 00 00 00 00 00 00
00 00 00 00 3d aa 01 23
01 00 00 00 00 00 00 00
00 00 00 00 00 00 00 00
cf aa 01 29 0c 3d 02 58
00 00 00 00 00 00 00 00
00 00 00 00 77 aa 01 23
01 00 00 00 00 00 00 00
00 00 00 00 00 00 00 00
cf aa 01 29 0c 3d 02 58
00 00 00 00 00 00 00 00
00 00 00 00 77 aa 01 23
01 00 00 00 00 00 00 00
00 00 00 00 00 00 00 00
cf aa 01 29 0c 3d 02 58
00 00 00 00 00 00 00 00
00 00 00 00 77 aa 01 23
01 00 00 00 00 00 00 00
00 00 00 00 00 00 00 00
cf aa 01 29 0c 3d 02 58
00 00 00 00 00 00 00 00
00 00 00 00 77 aa 01 23
01 00 00 00 00 00 00 00
00 00 00 00 00 00 00 00
cf aa 01 29 0c 3d 02 58
00 00 00 00 00 00 00 00
00 00 00 00 77 aa 01 23
01 00 00 00 00 00 00 00
00 00 00 00 00 00 00 00
cf aa 01 29 0c 3d 02 58
00 00 00 00 00 00 00 00
00 00 00 00 77 aa 01 12
80 00 00 00 00 00 00 00
00 00 00 00 00 00 00 00
3d aa 01 23 01 00 00 00
00 00 00 00 00 00 00 00
00 00 00 00 cf aa 01 29
0c 3d 01 f4 00 00 00 00
00 00 00 00 00 00 00 00
12 aa 01 23 01 00 00 00
00 00 00 00 00 00 00 00
00 00 00 00 cf aa 01 29
0c 3d 01 f4 00 00 00 00
00 00 00 00 00 00 00 00
12 aa 01 23 01 00 00 00
00 00 00 00 00 00 00 00
00 00 00 00 cf aa 01 29
0c 3d 01 f4 00 00 00 00
00 00 00 00 00 00 00 00
12 aa 01 23 01 00 00 00
00 00 00 00 00 00 00 00
00 00 00 00 cf aa 01 29
0c 3d 01 f4 00 00 00 00
00 00 00 00 00 00 00 00
12 aa 01 12 80 00 00 00
00 00 00 00 00 00 00 00
00 00 00 00 3d aa 01 23
01 00 00 00 00 00 00 00
00 00 00 00 00 00 00 00
cf aa 01 29 0c 3c 01 90
00 00 00 00 00 00 00 00
00 00 00 00 ad aa 01 23
01 00 00 00 00 00 00 00
00 00 00 00 00 00 00 00
cf aa 01 29 0c 3c 01 90
00 00 00 00 00 00 00 00
00 00 00 00 ad aa 01 23
01 00 00 00 00 00 00 00
00 00 00 00 00 00 00 00
cf aa 01 29 0c 3c 01 90
00 00 00 00 00 00 00 00
00 00 00 00 ad aa 01 12
80 00 00 00 00 00 00 00
00 00 00 00 00 00 00 00
3d aa 01 23 01 00 00 00
00 00 00 00 00 00 00 00
00 00 00 00 cf aa 01 29
0c 3c 01 2c 00 00 00 00
00 00 00 00 00 00 00 00
49 aa 01 23 01 00 00 00
00 00 00 00 00 00 00 00
00 00 00 00 cf aa 01 29
0c 3c 01 2c 00 00 00 00
00 00 00 00 00 00 00 00
49 aa 01 23 01 00 00 00
00 00 00 00 00 00 00 00
00 00 00 00 cf aa 01 29
0c 3c 01 2c 00 00 00 00
00 00 00 00 00 00 00 00
49 aa 01 12 80 00 00 00
00 00 00 00 00 00 00 00
00 00 00 00 3d aa 01 23
01 00 00 00 00 00 00 00
00 00 00 00 00 00 00 00
cf aa 01 29 0c 3b 00 c8
00 00 00 00 00 00 00 00
00 00 00 00 e3 aa 01 23
01 00 00 00 00 00 00 00
00 00 00 00 00 00 00 00
cf aa 01 29 0c 3b 00 c8
00 00 00 00 00 00 00 00
00 00 00 00 e3 aa 01 23
01 00 00 00 00 00 00 00
00 00 00 00 00 00 00 00
cf aa 01 29 0c 3b 00 c8
00 00 00 00 00 00 00 00
00 00 00 00 e3 aa 01 23
01 00 00 00 00 00 00 00
00 00 00 00 00 00 00 00
cf aa 01 29 0c 3b 00 c8
00 00 00 00 00 00 00 00
00 00 00 00 e3 aa 01 12
80 00 00 00 00 00 00 00
00 00 00 00 00 00 00 00
3d aa 01 23 01 00 00 00
00 00 00 00 00 00 00 00
00 00 00 00 cf aa 01 29
0c 3b 00 64 00 00 00 00
00 00 00 00 00 00 00 00
7faa 01 23 01 00 00 00
00 00 00 00 00 00 00 00
00 00 00 00 cf aa 01 29
0c 3b 00 64 00 00 00 00
00 00 00 00 00 00 00 00
7faa 01 12 80 00 00 00
00 00 00 00 00 00 00 00
00 00 00 00 3d aa 01 23
00 00 00 00 00 00 00 00
00 00 00 00 00 00 00 00
ce aa 01 29 0c 3b 00 00
00 00 00 00 00 00 00 00
00 00 00 00 1b aa 01 23
00 00 00 00 00 00 00 00
00 00 00 00 00 00 00 00
ce aa 01 29 0c 3b 00 00
00 00 00 00 00 00 00 00
00 00 00 00 1b aa 01 12
80 00 00 00 00 00 00 00
00 00 00 00 00 00 00 00
3d


